100,558,1,0xcec
100,936,1,0x2135
100,173,1,0x5ca
100,33,1,0x2563
100,33,1,0x1381
100,766,1,0x1d88
100,477,1,0x198b
100,45,1,0x20cd
100,994,1,0xa2f
100,967,1,0x2441
100,558,1,0x11df
100,536,1,0x69e
100,799,1,0x1c3b
100,994,1,0x2b9
100,936,1,0x1342
100,967,1,0x824
100,45,1,0x27d7
100,789,1,0x2765
100,994,1,0x21b4
100,33,1,0xac9
100,477,1,0x22c3
101,524,1,0x97d
101,107,1,0x2012
101,377,1,0x1fd3
101,107,1,0x1e45
101,524,1,0x5b3
102,698,1,0xd86
102,688,1,0x115b
102,39,1,0x1c30
102,509,1,0x1257
102,648,1,0x242d
102,319,1,0x2307
102,319,1,0x1dc2
102,509,1,0x1d83
102,39,1,0x23bb
102,952,1,0x1a87
102,450,1,0x259d
102,853,1,0x13ce
102,977,1,0xec1
102,319,1,0x2040
102,853,1,0xf67
102,499,1,0x23dc
103,920,1,0x1b67
103,416,1,0x84a
103,416,1,0x17a5
103,225,1,0x644
103,64,1,0x1a20
103,416,1,0x51e
103,90,1,0x2592
103,546,1,0x197b
103,416,1,0x550
103,546,1,0x1280
103,255,1,0x1430
103,912,1,0x187
103,183,1,0x273d
103,416,1,0x789
103,183,1,0xd0e
103,758,1,0x262e
103,475,1,0x1e40
103,90,1,0x11f5
103,475,1,0x1032
103,758,1,0x20d1
103,789,1,0x207a
104,817,1,0x26ad
104,232,1,0x1a8e
104,650,1,0x6e4
104,978,1,0x1bf6
104,145,1,0x1d18
104,214,1,0x12d6
104,457,1,0x98f
104,457,1,0x104f
104,546,1,0x20ca
104,808,1,0x13fb
104,82,1,0x194a
104,824,1,0x8a0
104,824,1,0xeaf
104,638,1,0x1d53
104,742,1,0x9cd
104,765,1,0x2352
104,638,1,0x3f9
104,232,1,0x307
104,8,1,0x2454
104,766,1,0x751
104,111,1,0x1e57
105,769,1,0x253c
105,62,1,0x2290
105,522,1,0x787
105,973,1,0x1067
105,769,1,0x1f74
105,769,1,0x483
105,973,1,0x17e4
105,580,1,0xe7f
105,334,1,0x1fab
105,978,1,0x8d4
105,135,1,0x168
105,951,1,0x1cb1
105,951,1,0x1f7d
105,978,1,0x120
105,906,1,0x570
105,250,1,0x250f
105,398,1,0x1536
105,644,1,0x350
105,973,1,0x1a45
105,978,1,0x2496
105,716,1,0x157a
106,643,1,0x2670
106,951,1,0x1f4d
106,439,1,0x1a84
106,665,1,0x8aa
106,302,1,0x861
106,954,1,0x2601
106,857,1,0x64f
106,954,1,0xda0
106,871,1,0x62a
106,998,1,0x1544
106,857,1,0x886
106,439,1,0x1275
106,511,1,0x1757
106,871,1,0x1d9f
106,439,1,0x406
106,954,1,0x2081
106,951,1,0x13f9
106,201,1,0x102a
106,954,1,0x2584
106,376,1,0x1989
106,951,1,0x11c1
107,689,1,0xbfa
107,794,1,0x216e
107,421,1,0x20b8
107,421,1,0x565
107,421,1,0xc1f
107,651,1,0xaa1
107,327,1,0xf41
107,823,1,0x1f2b
107,981,1,0x25b6
107,720,1,0xc12
107,794,1,0x22b5
107,327,1,0x62e
107,823,1,0x191f
107,586,1,0x26f9
107,151,1,0x1ab
107,586,1,0xa92
107,421,1,0xf20
107,499,1,0xc8e
107,651,1,0x139e
107,556,1,0xe79
107,179,1,0x1cd9
108,556,1,0x2bd
108,969,1,0x1b5a
108,915,1,0x6af
108,145,1,0xc46
108,829,1,0x1b84
108,168,1,0xf39
108,969,1,0x154c
108,157,1,0x115a
108,35,1,0xf81
108,35,1,0xd72
108,686,1,0x833
109,237,1,0x122f
109,982,1,0x7bd
109,74,1,0x1113
109,911,1,0xa3f
109,126,1,0x2659
109,74,1,0x2646
109,74,1,0x26a8
109,941,1,0xca0
109,74,1,0x15b3
109,126,1,0x1e9f
109,164,1,0xba
109,863,1,0x12f7
109,710,1,0x25a5
109,237,1,0x843
109,840,1,0x252c
109,546,1,0x8bd
109,130,1,0x804
109,982,1,0x965
109,830,1,0xc
109,840,1,0x883
109,863,1,0x42c
